7867
9406
7415
4908
446
27
4451
9270
8871
6371
2142
7323
2999
519
3116
5803
1794
6179
8569
7217
8927
8856
8837
5652
3709
4342
4315
1038
2950
2634
6535
1216
6950
5718
5571
1393
9727
6226
7909
7330
802
5552
4139
516
8404
256
866
5669
6661
3698
8098
6079
9750
3316
9256
3492
6703
5040
1762
1080
625
188
4897
4152
6108
5147
1947
5646
7994
9751
1961
5645
2241
633
3318
1487
8192
3878
2785
1022
7465
7464
8846
9353
9496
6853
8870
3253
480
2726
8082
5188
7496
4586
6678
8329
4134
3536
2406
8642
8803
3346
9020
8171
5536
5000
3570
3486
9505
8490
9852
4574
1809
1075
9106
434
156
2211
3707
9762
6680
7938
5212
4955
9910
8616
7244
6172
4093
6267
4682
3757
8324
3231
136
8545
2040
4693
7390
6983
8105
4222
3894
8065
5215
740
9478
3721
8153
748
6944
393
6427
2592
7419
3760
2529
7098
5520
513
1696
8163
7264
8582
3127
9421
4472
5853
6249
8645
9863
6947
3819
1312
5878
696
5138
9438
1650
6987
419
4923
1242
9874
5365
6029
3022
1434
5558
4574
4794
9125
6353
3742
9506
2317
6859
5256
9184
9784
4827
620
5935
4941
9303
5303
6041
9621
2476
4524
264
9647
7754
7073
4112
901
2230
744
7617
1005
7742
5099
7790
3426
2988
980
5456
5654
3016
7669
4078
4772
4071
7460
4776
4365
3179
5381
27
7626
4943
9146
9338
275
376
650
876
379
5603
3869
6005
2694
6525
7705
7178
4858
9449
9358
5758
894
7779
4875
8088
2531
7584
212
5753
6842
1114
5999
1008
7090
6324
78
1767
5225
2691
5404
9933
1505
4391
6493
2623
5909
7896
2233
7693
3470
7743
4208
1205
1836
7737
927
9985
1024
5154
5653
6790
7245
7848
7007
4448
7652
737
9170
427
8283
7907
7119
627
2367
3440
6470
5216
4213
3278
9465
7602
5009
1509
5850
2916
3632
4619
5715
9836
7141
9847
3960
604
6385
8094
8046
1542
6278
8570
5640
7325
5286
9522
1745
7362
3709
3040
6658
5822
7126
4199
4632
6225
961
5977
4527
6301
6948
3340
6183
4769
3630
2208
3404
5458
4396
5635
3386
3216
5455
2754
9643
9390
2126
2930
7781
6882
7758
7779
9682
6396
5968
3124
6945
847
3382
2505
8181
6160
9156
3179
6580
8479
1545
1869
5403
240
2551
4075
6296
7237
4760
8564
9196
5236
6329
339
7408
5618
8737
7264
6306
9878
1493
3012
6011
3605
8603
8792
6469
9514
1488
5378
4821
838
4599
5782
3533
3393
7072
4279
5406
9949
1178
2904
7898
7846
6932
2299
1816
6764
37
2867
9668
4025
5531
9245
9070
1282
5763
6529
1439
3498
8984
4409
3914
1543
3483
6497
1482
7456
7847
6569
6513
4978
5499
5273
529
7385
8007
2623
6754
9084
8145
5975
1982
3799
4848
5477
4681
5020
9161
7586
725
9658
5628
5485
1943
7200
4436
6858
6041
8478
7617
5623
7431
7973
5266
1012
1586
7969
6498
2051
9759
1676
3057
247
7831
1095
3883
1312
7778
89
297
5355
9572
3819
5605
3326
5489
4014
1067
3982
4877
355
6925
5511
4971
1571
5139
4903
2996
4040
3362
3162
3841
3067
2172
3427
5307
2284
9254
9685
6505
3720
7820
5874
4474
5209
4666
3550
3553
4002
6934
9303
849
1797
8111
3937
5688
7958
3137
7495
8559
4321
4880
6835
5009
304
2359
9728
7320
1382
157
1624
58
5472
7597
2321
3347
3442
2170
517
5431
4181
2968
6124
1471
7771
3222
3815
2278
3976
721
5503
169
112
9734
4743
4859
4299
295
7487
6394
1415
8913
7991
4286
8733
4160
5381
1901
4359
2280
295
7527
398
1509
5503
3016
9843
874
9123
7967
33
3871
9941
464
7417
7009
1758
7623
7269
15
2035
2922
1388
3553
2995
8666
3689
6849
8042
8042
1057
5865
7397
4448
213
561
1804
3396
1857
5989
2428
2809
3931
5954
7856
6794
4648
8901
2271
2549
3866
5592
2926
3276
5425
3131
7555
7967
7782
5224
1499
4548
9475
3748
5175
7198
170
1093
4215
7434
863
8000
457
5348
5190
6678
6912
8255
9715
1232
7249
5433
1748
2537
7853
7054
3971
5078
2167
1642
5703
4713
630
8842
1433
9170
5579
7172
4070
7969
2580
3228
3786
2732
2939
4167
6580
7581
6194
3098
6915
7165
1496
8538
913
5022
5190
184
2491
2475
4882
5370
9737
9696
1478
9060
6236
7565
1360
4490
1657
7896
264
6445
4196
1505
101
4707
66
4831
9192
7565
1957
3552
2958
1205
2389
8594
349
7875
2876
5027
7299
6983
1769
2705
9090
9550
2525
6001
8012
5671
4107
3893
6739
3248
602
3937
1512
2838
7734
7686
5087
7859
5223
6311
2289
6400
4415
7798
408
383
991
4037
4485
7752
7185
6360
4842
9621
5362
8167
2471
1024
8271
208
3466
2194
7318
6294
5476
6397
8785
7367
7258
8691
2296
5877
3602
8601
8606
1409
6985
3175
7207
5061
602
4747
3180
3083
8495
4587
4871
4244
2625
8615
139
1864
1017
5626
2630
4734
4177
7659
3901
549
4401
2954
9742
8498
8826
9196
3344
905
4032
6634
160
8947
3205
9308
7985
6959
2193
9744
7502
9654
5960
2989
4114
5833
2391
1257
6665
2451
9220
7639
3981
3233
6506
9894
4976
3281
4788
4790
4688
7144
9520
2118
2736
6888
3964
8848
5392
2692
2429
7652
7459
739
9022
8701
995
1601
7861
2612
6032
7630
3836
8435
8989
9720
4318
532
9786
2025
956
1739
8440
5496
5172
3747
2380
8465
9649
9383
1746
9250
762
1167
599
7123
4939
9004
8609
965
1042
5469
9306
125
6094
3056
880
9379
3977
8181
4464
3273
3699
4512
8499
8800
5489
2554
175
8809
1329
369
6898
2222
3825
3698
6104
8956
9733
5760
7993
9512
5858
2648
1417
3932
7509
1705
6635
464
6114
167
8003
9421
2477
3242
2365
4358
2121
2717
5909
119
5791
2693
1811
4804
7556
2939
8891
7469
956
3518
2442
1978
4996
7514
9301
5371
5918
4725
1057
1796
4440
6863
7945
977
3341
9421
5629
7509
9294
6519
2930
1422
4362
8272
2837
3387
8152
1074
7167
6676
7822
402
7871
1272
6792
5623
9912
2172
2780
1791
2681
9485
9466
1578
4757
9153
2794
8580
7261
2663
2288
3141
4630
1383
7086
7353
7598
7247
7325
9535
633
2888
7258
6501
9772
7765
5660
7411
2830
3913
4583
2921
6483
3484
5049
3368
8156
9564
8018
6442
6754
4830
3529
5516
8170
74
982
1979
7995
6999
3777
8519
4698
4806
3294
9407
498
2599
4381
2103
5790
864
1557
7991
1984
8992
7750
9408
4738
5098
9231
1390
5054
4222
2383
8222
9262
9872
9589
7363
2041
5034
3765
5941
1713
6421
3053
7145
5388
8678
1134
3534
164
1960
4592
4394
4032
4310
1883
9997
8884
7144
9373
645
7776
4140
5408
5791
3554
3604
8812
9486
2193
7825
3368
2037
6981
6531
6938
8715
9758
5645
2571
4875
9577
2995
6901
3793
2279
8546
1236
8010
1283
6826
4559
9976
5019
1314
9536
2977
7359
5330
1374
4218
536
251
3729
7382
3677
2704
6589
7659
8991
6263
3982
3495
1584
4456
1321
3576
4876
6950
6950
2705
8918
4059
8879
8780
7578
8860
8294
6273
7279
4637
6013
6244
168
1053
3524
9051
4717
8144
4497
3190
7346
8134
3350
2438
3259
9739
4671
3988
326
8135
4838
5744
8772
7235
7852
8977
9721
7095
7278
1912
8196
8650
4968
403
1792
6687
2809
6008
5174
4556
9391
4043
4548
5201
7747
9365
8647
9140
5442
6473
802
1407
2857
2074
9274
8659
4615
3699
7688
1785
1453
6731
619
5596
2902
6713
3730
1757
3559
4508
9985
7636
1117
9626
5737
390
4295
1029
965
59
8936
1818
6812
9428
6169
9978
9319
3757
7755
3530
9375
9947
4445
4716
3798
6636
8338
7661
9473
9593
698
363
1233
4102
77
771
6669
3306
8924
8517
1592
3552
3973
3659
9739
4696
7371
1413
8089
4324
7797
2303
9131
4979
7944
8409
3142
567
7173
8649
3881
4272
9718
3007
3932
2728
2469
4261
7550
8529
9119
914
4651
2765
7338
3024
80
3118
4761
5140
5031
1115
5773
1295
5174
9454
2123
2165
2875
4465
9093
4699
1441
8329
7652
9668
2955
8072
5305
9449
3673
5698
8903
1385
6370
5395
8342
5132
7717
9535
550
1275
3810
2139
7743
5961
9893
2326
1961
1124
8420
8154
7490
4937
1764
9822
550
4571
39
6339
5491
1500
5326
8929
5317
5870
2417
8008
7113
4289
6137
3397
2863
6433
8499
1690
155
6630
9445
4846
4965
4854
5757
1267
5707
125
4695
533
1299
4371
312
7962
3817
9886
4211
8987
2521
8872
4303
929
9012
6363
7399
7970
5297
2058
9912
2677
333
5586
8718
2351
4982
6300
1307
4755
5669
8889
6746
291
52
6334
8804
1603
4433
2963
9555
8007
3515
4900
6562
8436
8602
4208
431
3030
4928
5774
1602
6110
8996
8229
2097
2111
238
4712
476
4474
1817
3082
9840
1806
171
5079
9723
9447
497
3267
9737
9873
5303
8783
5481
129
6828
4358
7523
4910
6300
6892
7081
6068
1531
6425
1037
3483
3424
8950
3521
103
8060
8433
6080
3809
7301
3732
2023
1853
9597
457
269
9576
2584
6707
5906
2045
6956
1675
4658
4751
6613
7118
3105
5712
3213
3209
2738
8976
1607
3076
5494
749
1272
1251
8934
7336
8195
7184
7282
8341
7093
9154
6329
7085
5750
8844
9894
6431
8172
4430
697
4024
4429
707
4212
9635
9395
1400
2176
7537
3585
8486
1963
6817
1313
2187
1873
7831
5193
5195
6201
1296
3948
9204
5346
4039
9969
6509
186
9655
6785
6818
1084
9357
8412
8447
1824
7909
678
1805
4007
8254
3586
9961
6038
5105
4868
8344
1465
4767
4648
5321
563
4660
3242
615
8354
1865
4221
2406
8559
5555
3373
9483
6352
1606
4614
1873
6002
952
5171
1538
999
562
9078
5871
9679
3189
7808
3191
7166
5944
1219
6389
6191
554
7724
9595
5052
7793
3612
2148
9812
8929
6759
9272
5540
8191
6473
6400
9247
8798
2669
3951
2505
3585
5372
191
9226
1870
274
531
4111
4262
4901
7528
6127
9028
9706
2518
7180
9261
6527
3049
8759
2219
1988
9273
1062
9968
5295
8973
8915
1294
8064
5139
1015
6845
7204
9405
4230
9083
7529
387
5767
5334
3148
9261
4390
8937
9903
9543
390
2844
9275
476
1960
3403
2699
6863
8152
5581
3930
6189
9392
3629
2690
4853
5674
9690
7908
1733
3557
1995
4810
4247
2987
8657
8698
7166
9848
3110
4509
8568
4653
2143
7819
132
6040
6390
490
1825
2716
8135
7914
798
2832
9609
2834
2099
6587
1964
4839
643
429
1999
9692
2445
4061
5780
3404
1959
1180
1811
7172
8633
971
6894
7648
5626
5648
2106
4373
9171
3234
5986
6871
3571
9497
2678
7676
3510
6759
4287
3548
859
9314
337
1188
8997
1977
8444
9642
8814
736
9893
4107
4315
2908
3757
5364
4917
2899
3435
9182
6449
1695
8350
3046
6930
2907
6697
8984
9268
5972
2061
946
9886
5574
7629
260
5653
8796
4144
735
4163
9695
8042
5511
2371
961
8698
8162
3356
925
5448
2931
5681
3711
7106
17
8604
8588
1737
2738
5963
4967
2318
2361
846
3294
4338
3699
3147
2270
3710
2511
8269
6704
4545
4753
2300
4418
5879
5481
2566
1357
890
8909
5839
6672
7207
1730
4709
7032
9369
8245
4858
7832
9287
2763
3081
7577
9648
2322
3529
4694
9737
3428
4411
1995
8908
3491
4394
3416
3689
8081
9535
3632
4990
4303
4093
2048
8303
2596
1067
3326
2507
5672
2729
4658
3251
7437
7601
5990
6206
7474
6136
7327
5768
1462
2290
1629
8168
3942
1098
8542
7452
9605
8325
1513
8587
9690
612
1030
3050
4979
8460
6752
4838
6772
4478
3960
3295
5131
6094
9420
2750
708
6393
6550
9687
5646
2312
1222
1039
6315
2553
9902
8128
1629
7313
4381
4109
9411
7021
8399
5690
8012
1574
4398
2115
6109
1961
7392
8201
3544
646
5832
8344
198
7768
7813
7215
6466
6286
3034
2066
5874
8166
8721
8010
1094
2958
1718
5687
3040
8562
9981
878
97
5365
8205
8151
4863
162
2489
4146
726
2533
262
1377
5435
4172
4954
3522
1174
8649
8399
3220
5335
7998
6922
3386
5583
432
4073
2404
9818
1903
9390
8506
9894
1837
2203
5092
4971
6170
7270
3940
5328
1389
5551
8503
4760
1177
3557
512
7619
8679
8524
7173
7303
7479
6580
4030
4495
4176
6593
4558
6307
1095
442
1278
2857
7802
2417
2920
3112
387
8361
2409
5207
2443
4600
6744
9900
4368
2306
3923
7887
5716
422
5159
6177
6258
1526
4197
8581
4558
1699
9681
1340
5047
9691
3566
8355
6474
101
3626
6236
9833
2246
6546
6984
1799
6886
7148
4551
9525
7957
6038
3702
160
2876
2060
4430
9053
4893
3938
8295
5965
7994
5261
7991
9830
8714
4591
247
2132
5873
9792
8004
8424
5296
2718
393
9839
8148
201
9226
7947
7023
4072
7080
6126
631
6714
5945
8036
2219
2499
2231
2993
3679
3567
9655
556
5337
1379
5383
6141
940
7819
5597
7222
5217
8604
9968
1338
6017
1190
7476
4014
634
2998
6180
178
2446
3851
8665
73
1807
3732
943
503
4511
2301
6078
6934
644
6528
8589
4303
9285
6829
4259
4952
3231
3301
8402
928
8444
2748
9579
91
4267
3210
4722
1492
8226
7560
327
223
9052
2230
700
7959
2267
6283
2197
2004
7655
9828
3566
8091
2237
5167
4745
5528
5981
1627
2253
9427
4023
5246
8917
5725
2957
4185
4593
2610
9797
8417
3569
3757
1581
5921
6834
6245
6960
5211
5965
9703
4622
8704
9656
8993
8695
7701
3054
1669
454
5795
1518
412
5469
9796
5035
8388
2967
7855
4829
9690
7428
441
4920
45
1342
7261
294
5024
7962
8482
9821
4924
5624
1356
7792
6666
5119
3982
8930
6616
4319
6435
6180
8418
9875
8627
4818
654
7847
3182
3031
7766
9178
6655
5615
2961
9737
9396
7267
9667
1819
5936
273
9553
5476
5985
9247
3658
8855
4977
9200
6772
8683
9818
8977
2525
5893
768
7810
1553
7915
6414
3074
5307
2639
8074
1371
6125
4692
1095
7481
1308
7185
6021
50
6531
6085
9808
5231
6636
5454
9206
6090
1429
3600
8702
7651
1485
1668
5880
4011
4846
7378
524
4270
1184
1239
9398
9814
8299
1252
2301
3030
6961
6780
1807
3356
2731
3511
6205
181
2294
9971
9588
4295
8243
5037
1593
6283
8492
8741
9203
2911
7540
2092
3601
2239
373
7877
5919
1983
922
3606
624
1448
8806
1504
5130
4376
8338
1589
5495
5685
6680
3595
4304
8984
3888
3376
1766
2321
340
7246
9518
1791
417
4434
2422
7381
3652
9088
5275
8840
6278
7462
4806
1897
4100
9470
5902
8436
4163
4151
6966
5282
1280
5386
1146
5181
634
3975
3342
4146
8599
2749
599
6691
9998
5864
2527
9727
3628
2905
9130
2604
7982
4284
7598
4622
1162
7499
7359
8249
9025
3673
1343
2805
6223
7432
2879
6833
1988
8814
1899
5862
7863
7838
3489
9059
6684
6497
900
7467
1103
9507
953
1254
7791
372
8643
5026
8417
3562
28
4080
4324
649
7432
2371
5673
1948
4935
4738
9045
4039
6681
9735
8600
1464
8212
6308
5618
7458
5705
4021
1183
5427
1399
4546
610
6403
7892
4387
9664
8178
9615
3211
6642
3404
2651
2633
7684
3626
9351
5778
4546
3994
9651
1661
8306
3001
2571
2775
8674
4321
6248
2414
2861
7808
268
617
966
5024
7396
59
460
2407
6305
8090
4245
2902
9391
3916
8866
837
9832
151
8943
2846
543
3075
1495
4663
2711
1190
6539
3023
951
4987
3660
1119
6612
5132
27
1762
9545
6504
657
7630
9736
229
9809
7997
215
2334
8448
7516
1347
4630
6554
6667
2999
1751
5628
2959
5659
4849
6573
2495
1993
9474
5635
3977
9600
641
7653
9009
4785
8592
217
5149
6756
423
2932
6105
9482
2192
1653
719
8809
1403
5321
5410
7586
1452
4107
3852
4391
8591
5092
3076
3442
2513
3179
6590
1909
3642
6014
918
7072
5865
1213
9106
1325
5902
3798
3922
3109
1220
73
7168
7913
3319
1474
6100
1732
9148
6929
140
1147
1613
18
99
2402
2905
4836
249
362
6208
7100
1120
25
4723
939
4986
8570
5439
4711
1003
6993
1674
8246
4485
829
9315
4294
5231
7276
3244
3815
1876
1958
2720
5553
2577
7556
1824
825
4763
5851
5152
2524
2751
5028
6397
6396
3578
6571
1156
2306
8750
8542
9552
7432
5050
5574
1739
6768
1188
7819
4410
3762
7028
5503
8752
3678
4082
151
8781
7439
168
2442
9829
7061
4678
7898
4626
7019
1828
7510
4292
4257
2180
2750
6824
7335
3138
9566
3172
207
3326
1881
7767
4344
9939
71
3125
7399
2913
1447
5504
9033
636
1906
8295
1318
4074
9372
378
6392
195
991
4109
614
7527
3217
5550
9063
834
6551
8066
5351
6936
2313
6099
2379
9827
3073
8010
4599
8716
2852
4975
3183
6846
9220
9716
5249
961
4469
9265
5086
9772
553
587
4112
1279
1215
6721
7217
6662
4312
523
5381
8589
5210
372
8530
7725
9033
636
7671
9310
568
1078
9524
5121
5190
9329
5102
6150
4898
5083
7695
9272
6866
1823
1901
2663
2450
1293
2919
4653
9212
1951
8356
4768
5196
4692
9675
8220
3717
5323
8491
9898
3762
2386
6428
5588
4237
4703
9171
5773
3100
8566
8618
2281
6398
6793
491
8983
9522
8351
7858
9597
753
4077
8975
5054
7386
6306
7760
9666
3955
5820
9830
4064
6415
8279
5915
2310
3184
5929
4550
2141
9103
8328
6851
9729
454
8384
3169
8590
2526
6919
2840
3126
3052
3026
8258
6072
2576
8079
49
4435
8931
5453
616
6816
3731
8092
7194
3984
3537
1868
7302
5793
9867
3751
2793
6961
1464
2862
5164
1424
7529
4532
1847
8602
5234
9060
9752
7063
4413
4782
1160
5713
6471
5566
5152
9981
6018
8370
9427
7577
3683
7017
1712
1617
8361
5173
2268
1281
7487
4562
5677
2373
4398
9278
3408
986
8588
3883
6096
1801
7297
1333
7003
8547
5158
4952
8490
7702
4323
8909
6092
1503
8997
1091
8850
3417
3703
955
7343
3471
3572
2711
4623
2173
9190
2913
3114
1412
7984
9811
5794
3850
7892
8494
2489
9568
2292
5464
4475
7222
7354
8459
1481
5088
2
6574
918
5625
2128
5834
5190
8889
2791
9708
4653
7578
5998
2590
1348
4151
9865
1192
2479
5582
7729
7744
1405
1163
2113
899
3078
8699
5836
7569
9785
6781
856
2270
9398
8591
7944
3791
2535
8515
6846
5513
5551
6303
4941
8759
1128
7137
2518
2577
6349
4035
2170
9046
8383
4053
2135
3488
1884
6812
9230
2772
8825
4124
9940
3265
2615
9338
5348
9668
5596
7633
8423
5339
847
1711
6057
7874
4017
1998
435
4009
621
8240
1072
2007
5002
3041
1736
4873
7959
3127
9926
3197
3150
7057
8108
2813
1108
4367
6097
4802
9084
9843
2951
3184
1314
9605
6609
3961
6916
2133
3647
7579
6647
8409
9626
5484
6003
2791
2947
2218
8146
5366
8341
5171
1215
7191
9
6548
3959
2017
2192
4370
7754
5882
7711
1603
4924
4625
3230
4986
5239
1626
2585
1235
530
1987
4460
4984
2248
1827
9852
9789
160
1129
523
4945
6476
8597
818
3591
3704
9114
1790
6513
3368
8117
120
5178
1624
6766
2765
6335
4469
613
7232
6571
6064
8746
8128
2062
4613
6740
9575
9031
3022
9888
3914
8031
5586
8994
9855
2334
749
5923
9826
9955
2896
4721
5569
8836
4975
1102
2254
8482
4174
1217
1229
5594
4068
4140
5152
6549
8034
8148
8904
915
8841
3609
7211
1058
7562
8869
83
3872
7448
5790
1508
7194
7400
5042
3674
5602
5175
9009
4283
7505
3431
768
2079
5156
3911
9331
8380
8614
2830
5458
5323
7331
3319
4918
7704
5102
6708
7879
5823
8978
4559
4962
2747
8013
7229
6912
2901
4149
5030
3055
8238
9290
557
7248
2931
4677
6857
1307
1102
2481
4135
9513
7345
8279
1352
2390
2022
6179
9806
64
4347
9719
1188
796
9130
7360
2145
1609
2585
3198
4346
7025
5357
1236
410
6319
8178
9731
4666
379
771
8229
516
6032
230
9786
7291
8284
5953
4253
8896
8544
2792
6573
3915
9856
210
8184
8253
2677
3604
5309
8579
297
805
9679
3704
9316
8654
1348
4880
2347
7676
7827
4887
6224
8993
9717
6359
7845
838
6182
8201
1231
7296
6140
6412
6098
2336
2250
1961
1473
4827
1124
1435
8226
5192
4503
9945
4284
8249
9824
2172
6140
1340
3225
1644
9468
3067
4611
2555
2325
6144
9515
2451
6459
9814
2149
7011
971
5785
1748
958
8897
5299
5743
9900
5383
8742
9193
8607
5454
4583
569
9167
242
3755
3519
4183
2644
403
9992
6750
6213
3477
7129
6367
1735
3332
6884
1115
2833
8056
5321
5399
8372
3869
1045
1839
8057
7333
6548
6898
3222
7483
307
1458
3435
2006
6301
4038
8293
4546
2587
5193
1770
5840
9410
1366
5772
3793
9339
6020
1883
3721
1073
8078
465
3849
3022
1197
7424
3644
6469
5185
8111
7350
2900
3264
2612
2646
5815
6218
867
7814
7605
447
3735
5156
404
7875
3701
5156
3757
6952
1732
549
4128
7591
8535
5982
1405
3422
3171
3732
107
1425
5014
7117
3134
1770
6035
3954
5786
8239
9532
2599
5287
6990
1704
6789
8879
6635
9693
5493
7981
4132
4446
7027
460
4890
9529
3606
9910
3454
8765
239
8503
3775
6290
3440
7405
2641
3807
2260
3742
2488
6669
8371
983
5852
8661
1869
4257
6322
4857
8950
3588
905
8082
5052
8955
7564
2742
2555
6605
5392
782
7648
8352
5762
4637
7922
9560
1800
9448
8067
6046
1129
9527
7333
8574
3572
2823
2457
2582
1740
238
5021
5276
7141
419
1857
5341
5438
6488
6489
981
966
5444
283
3033
9960
5819
956
7945
7620
344
7818
561
422
9634
6970
6518
3372
337
3158
5845
1365
8681
9252
6408
3555
5822
6547
9238
2605
1445
5848
4963
5618
7832
6747
8711
8339
7393
4430
818
9594
6353
9938
2351
7867
9082
5199
6455
1909
9001
9268
3351
8448
78
1712
5526
5150
0
4430
7126
580
2163
8429
2315
5574
8065
2201
2778
5767
7784
5006
6558
9110
3149
1712
8398
4725
4670
5581
4966
6320
317
5281
7709
436
957
8978
3573
5348
9844
8699
9156
5401
4018
3382
5406
943
6174
8698
280
9260
3362
7332
1191
5179
5651
4770
8124
6515
6799
1157
3012
1388
3306
8845
9938
2086
4076
7506
3728
9559
3409
9470
5542
9080
9216
6495
6073
9176
5582
5116
3513
2588
3633
7871
1836
6572
2837
9047
1923
9273
3083
1240
5367
86
1923
6030
3880
1966
7744
3564
2094
9339
8836
311
8758
7204
9201
4125
2853
5596
4749
2281
4234
5416
7128
112
447
2640
8477
2771
9156
4139
6514
8068
6269
4288
3866
278
829
1228
6010
3819
4426
1289
6282
4157
6785
7793
353
5260
4126
6194
2523
9025
5651
9831
9816
1028
2772
7330
4499
9270
9916
8596
7243
6755
4712
2769
6212
3768
4210
1047
2195
6163
4581
3513
7585
5381
9728
1517
6803
3643
8346
8065
8058
4211
5653
6497
9487
8595
2372
5734
3685
8870
5126
1774
238
4145
5677
4863
7269
7750
143
2255
6669
4222
8933
3445
3335
5249
9085
2633
298
28
4373
1834
165
5313
1095
8225
6283
9354
8071
7368
7616
3537
8570
3752
3892
3775
3807
6638
2313
4435
136
7400
5481
9498
7259
2814
5322
7587
8245
9941
9415
9679
8162
8181
2961
1925
6550
4045
5686
5120
6148
7021
828
4387
2172
1003
5358
5587
517
1587
1664
7196
3038
1627
68
6819
8036
3019
4658
600
4654
4437
3766
2348
9545
95
1910
3647
3031
3179
284
1056
8044
9608
4407
1221
6720
7942
7487
3581
8312
1333
4413
6817
9997
6230
5514
5246
3296
4673
8527
8116
560
3052
4233
2849
7529
1929
4049
4446
9785
5480
6864
4785
6518
829
5528
6759
132
3317
470
5236
6671
4785
5627
8407
8498
8320
9879
2257
8199
8382
3538
8133
6178
3598
5014
4553
552
8089
4656
5740
9256
2005
8263
621
9049
3915
4819
2831
7220
3470
1653
6543
5843
8935
1387
826
5151
8129
8951
9872
9201
2464
8923
3097
6004
1426
4700
7461
7930
4152
4388
662
7807
8119
8659
2266
2785
2078
2704
9919
783
5330
1303
9046
134
5956
3871
575
5409
5759
8029
8947
9020
6915
8842
4674
6921
5034
2773
9523
2390
4382
1663
1693
6841
2745
4468
8510
171
1175
4921
6194
7981
6906
9164
467
3544
681
8355
2527
5645
7066
8782
764
7871
9865
7398
720
499
7121
2578
7048
4937
2763
367
9904
2252
6348
6517
1945
5382
1795
4562
6091
817
9582
9866
9412
5288
2571
7421
2629
1259
2730
7270
1629
6202
6863
7872
5598
2134
514
7182
8685
9084
1203
3441
4950
2200
1968
2438
4490
9125
2259
9291
8395
157
1245
7320
7934
9418
9341
619
4025
187
8039
459
2133
477
3099
932
866
9568
1735
1031
9333
3254
1541
721
5747
7555
3941
3364
7699
9461
395
5706
7289
4878
326
7378
3007
4238
8425
2055
4820
7342
2284
1232
6161
3265
7804
278
1767
2459
4848
5936
6499
8796
5765
2926
1823
2453
7384
3721
7101
5427
4728
8917
5309
7580
9006
6947
9675
4056
567
5745
778
5752
7958
3511
2375
4492
6991
2542
1965
1264
4598
1583
5084
7632
9739
2334
2671
4113
514
2536
5501
1413
5050
995
4917
8015
7251
8074
3933
391
5691
5051
6809
6445
5719
2830
4151
5703
1073
877
5475
3262
6577
596
3478
1197
9818
1869
229
3592
8350
5608
4377
8503
994
926
785
1832
7028
7313
6759
3794
4905
790
6573
4753
3215
5578
6008
4435
7345
2336
7463
5098
8472
227
3518
8616
3130
3061
1718
8859
943
6445
4507
8623
6064
8939
502
5759
6883
9429
6411
6870
9909
1113
5179
1618
5692
8783
7500
6399
5245
3958
8630
816
7650
3467
7858
7158
658
6182
4298
9147
1627
6926
6591
8084
1758
489
7058
1349
4591
1022
6973
2501
3059
7508
4245
4854
7651
2353
8639
7622
3036
6861
5053
9269
9147
6810
9719
3457
3032
2122
6599
8367
6813
138
4548
8042
6117
4184
7033
910
9036
8631
669
2807
5842
3312
9307
1310
3621
9129
7044
3388
5012
3162
6114
1324
244
8847
7941
319
4040
9784
2310
2172
5239
9102
5238
9347
2403
4005
5184
5551
2307
4381
2053
434
7746
4006
7586
2747
8716
2109
8729
8930
4239
9811
5433
4667
2764
2999
4267
1125
3379
412
9427
3752
2987
3740
4761
8284
7066
7839
6841
8011
3047
4259
7217
4685
8000
9874
8716
1359
6467
1001
3007
907
2972
1866
6716
654
5545
3187
8191
2984
654
3704
1583
4293
1189
2384
2446
5314
8047
5176
8577
8119
3918
1828
1692
9595
9652
321
9537
4998
376
3002
8581
2938
6778
1028
3993
7763
813
1229
3815
6064
9761
3302
3271
2962
3193
7261
3446
3886
191
793
4572
2905
7124
9370
5656
5991
9432
6693
9180
1505
7
2143
9552
9174
6687
1831
9573
6131
9529
9041
8998
1443
9836
6650
3224
9694
3281
5197
657
4154
5137
281
510
6148
4396
5895
2298
5685
5083
5135
4743
4816
1425
620
1993
8312
5032
3613
9167
3595
1025
8672
1603
2002
5844
7887
9893
8888
8889
354
904
9184
8985
3418
9982
8542
1015
5334
7795
9938
3805
3273
8081
9021
5288
5966
8901
330
2777
527
821
9775
445
8130
9733
188
9219
4123
9628
2399
5507
5083
4399
5607
3196
7049
6331
2998
1300
4789
3916
3432
6475
1667
1135
4044
8516
7124
843
3437
3061
3903
4028
3813
3567
6903
8648
8957
1344
3317
2520
3349
1594
7407
5376
6446
5464
3252
3948
361
3756
5673
7941
1101
1792
6260
2769
4886
667
6426
6513
7340
2024
2086
9691
1979
4606
8478
2344
996
2362
3110
3531
3720
1036
8445
1631
932
8454
5951
4939
1227
1930
956
7339
1558
9000
5478
93
7624
3658
24
5128
2381
43
2345
2058
3505
3430
3797
44
5544
8220
1042
7115
9593
2286
6144
9273
4721
3621
5533
5971
6536
308
6391
4407
3176
2811
5294
6457
5094
6260
2290
3073
763
5012
9324
3193
2346
9368
9952
637
1426
1188
5337
9937
1861
8123
4341
5398
710
4589
3230
9392
1546
1130
7727
8866
5671
6052
8200
1980
5156
3468
6176
1315
5884
9391
5131
5956
8847
6719
878
496
200
6415
9454
9629
2744
1431
8618
5487
7988
7035
8057
5454
5176
5506
7235
9816
7509
3240
4657
7017
5019
9419
8764
8837
5727
284
9788
8577
7493
7431
4482
2836
351
8200
4336
9769
104
6467
6494
1647
358
1277
8877
1098
8056
9063
6650
2143
475
5748
5012
8270
910
6525
8003
7547
8798
2604
672
8744
5913
6238
2724
7334
3743
8791
6042
4999
5380
5800
9126
3888
4248
1744
6180
5310
1508
5769
5907
4076
5171
51
2880
4099
8761
7218
20
1784
8252
7898
1979
9585
1809
9273
6611
7458
2916
8557
8424
1345
6716
4230
6916
9135
8323
5451
6073
2253
3213
8374
7601
1635
9448
3367
1550
9831
8814
7050
9358
7995
4230
1298
9280
6177
8587
8194
8604
9751
7712
3929
8064
3173
6023
2959
2589
8331
9443
5416
5776
9914
8958
2823
4700
8160
7379
8539
4765
7968
9947
3564
3887
999
3636
9746
7400
2258
214
6883
4056
6599
4988
716
8774
8840
1852
6003
6608
7898
8382
1772
1867
1826
9026
3426
5297
635
5718
9925
7589
8669
2890
2961
307
513
9672
9721
6072
1790
2716
2773
2730
8556
5213
5520
3357
7401
8449
1304
4606
7070
1803
8251
5248
138
8025
7074
7359
9243
4867
5379
8498
1786
564
9637
6280
3585
2988
4923
5097
6042
6455
9243
3762
1201
4505
7491
4279
7884
9630
4641
5402
9514
8771
4912
4454
4968
254
6369
7186
473
9281
5510
7853
6324
4975
6664
8324
2876
6283
515
9381
4206
3048
9464
6768
6410
6008
1314
9203
7626
2534
3042
8316
5661
9174
6751
87
2085
7097
8833
6792
499
3826
2233
4483
2489
4676
5504
6459
4911
4236
7350
3432
8292
451
1852
4847
1472
1297
3825
4798
7984
1793
4401
7657
1569
53
3245
6831
4527
7004
9695
98
5349
9884
8908
314
3657
9027
8258
9393
648
3378
2988
6235
9446
3716
6971
270
8022
1008
2300
3428
4363
248
1163
5125
3439
451
4861
2881
878
8910
2355
1012
3686
6925
7867
1370
9401
4494
1882
8724
7704
9907
5647
3870
823
6569
8656
3457
8551
924
7119
42
5523
1571
8594
6849
1656
3487
2037
6148
6453
3919
6391
5695
2873
195
2567
5158
2459
8979
6932
81
2395
8786
4035
2122
3602
1301
890
1090
7885
8560
2263
4922
4797
2664
6326
369
884
1368
9151
4414
2660
2620
5912
6803
7153
8879
9654
9249
2036
8153
7922
9915
1430
7265
8973
1750
1830
6006
5443
6860
1255
2834
5871
9863
3348
5958
3661
4187
2122
8236
805
3104
6855
1670
8806
1761
1291
9954
1064
3890
6840
7745
8871
8258
6987
7069
2384
4403
8616
1370
9311
1624
8236
3214
1521
9512
4684
4477
5722
955
6071
265
3866
3205
211
9918
7947
6592
1299
5827
3930
1147
8321
2823
8257
9042
196
580
6588
499
2151
1080
5405
9756
7347
6180
3343
7745
6833
2332
6174
7436
486
4574
4014
819
3603
4951
8167
1528
7262
8123
7194
2414
5792
5083
8058
7515
3566
2402
6275
2065
6745
6066
9805
723
2453
9298
8453
5192
3082
803
7651
5725
5330
8716
870
6394
3225
7161
873
8490
1411
5683
3298
2307
8850
8477
2172
2914
338
8286
7794
885
809
6189
304
6535
9489
5272
3373
7042
7773
9413
6793
3987
8824
2044
2176
6841
4738
3086
988
5971
4962
3318
6918
6714
262
1118
2874
5822
7853
1356
5354
330
6369
1650
331
9968
1522
7941
7778
4413
4263
2671
9472
6629
8236
1414
8510
7525
9813
3766
2556
4199
1449
1274
5650
5327
3853
7231
1188
4253
2749
9282
2558
6470
7423
9649
6226
4266
8197
3534
9846
3583
4969
866
5443
8462
6387
1009
1832
1781
9124
1848
2255
7610
7871
5255
1196
8422
61
3812
1886
8197
1809
4580
7267
2150
5935
5500
5606
6016
6355
3686
7124
1714
9435
3020
285
7366
477
3347
3061
5265
3286
8331
3487
6937
4408
4109
7726
80
2595
9433
5962
2515
369
6488
4860
6362
6141
9631
8448
3174
2430
845
1525
9750
5175
2487
7147
8791
6409
5200
248
9858
6018
48
9724
2752
1168
2629
8807
1844
8673
9072
5732
4007
4473
8793
4864
306
9514
4493
8981
121
9508
761
1180
7593
7262
544
5778
1623
4597
8173
4635
7968
5534
1886
5422
2452
7090
6007
3537
3296
5397
3572
6714
2717
8556
1185
1035
7142
9344
450
7969
4141
1082
6492
6112
9587
6684
8500
1724
1671
8860
8728
4318
1454
4434
7655
1639
286
7850
5745
5739
2905
654
7073
9851
4845
2389
7552
1887
2468
8007
7560
2804
1415
3711
4055
4900
4487
15
7426
1527
6292
3062
9735
1042
1070
6280
1718
1415
8710
8381
9042
699
1452
6205
214
8591
3977
650
5144
984
4820
2077
8090
22
1895
9842
65
5868
6896
307
1955
495
6977
5337
605
87
125
7469
1767
3360
5743
4955
8640
2002
1776
9926
8385
6641
6111
1528
9976
8164
8526
3625
1372
288
2600
8744
7952
1207
4266
5750
289
7813
6850
1492
3708
8077
3810
5957
4922
9084
5444
9486
1686
7745
8225
8680
6634
7992
8621
7087
5047
9310
1254
6219
7608
8015
826
718
9000
7993
8387
5091
7941
1537
5853
4904
2258
6630
2671
6843
7072
2590
5713
690
9945
5559
4737
1976
6563
2397
6808
8167
2401
3214
3209
3543
3834
9570
704
9563
4175
494
3996
5628
8841
835
2850
6172
3475
7012
784
9099
2985
6253
6105
6118
689
7287
8128
8117
4042
8920
7931
6669
5334
4077
2819
5554
7030
6866
5401
635
2777
1778
4334
6501
815
2732
8905
2397
1737
4548
3178
7242
9533
8115
8282
5778
456
6110
6637
7264
1421
9797
5200
5090
7950
1216
9856
3631
8975
4943
6943
6954
21
6966
5206
8168
1455
8071
4945
8727
8153
5298
2344
3240
4544
1762
5861
4811
5013
284
2187
9716
4497
9044
1065
3605
532
3315
15
8377
8007
1639
5081
1299
3015
162
8527
8404
1400
5384
988
7181
7544
6282
987
2825
1699
2360
1921
6014
595
1503
3627
6223
3110
750
83
4314
4661
4221
5592
3665
6587
5574
2486
7561
5446
5881
8135
3398
6881
1841
4518
5020
3248
5352
6185
5014
903
5297
7895
7642
1203
4146
3117
6421
2651
4714
8845
6103
7445
7831
7214
1603
2608
8674
8929
6865
8066
6841
5746
7902
9066
1507
5823
7901
490
1225
6833
9011
777
4597
537
8714
3220
5456
4388
9708
5616
3520
8375
5871
9068
882
5202
4186
8386
2056
9564
5353
2806
1848
2216
6879
9392
8164
4383
38
8399
4255
2128
5709
1590
4210
7302
8604
7897
1290
418
2647
3775
7154
9258
9222
770
2408
6118
3940
790
6719
3507
4438
2283
3344
9464
8357
9088
6122
6444
8610
5497
3490
8897
1855
2490
1288
1062
4264
991
724
1585
3585
5765
4386
6560
4525
4279
570
8472
9777
7891
9383
2515
8715
1091
6243
4623
10000
9971
8844
9037
396
3128
3902
730
9972
881
6730
4090
2354
882
8625
6137
2531
9047
1125
8541
4623
2588
4329
216
4185
6412
9414
8174
7222
3657
295
8452
4743
4821
2453
6311
6615
2603
1392
410
7273
2702
5953
7871
3033
7703
5675
5816
7026
9255
7166
4685
2998
242
1403
2225
478
2656
3288
7139
5657
652
1332
8688
1046
1386
2232
132
9179
9412
1858
1042
3881
6025
8599
7463
6738
2881
1068
856
5678
2494
4951
1706
719
8584
3942
3142
5321
55
8652
7204
4642
7612
3155
8284
2128
9569
6541
8708
9644
8241
5906
860
3548
9038
140
260
7944
8219
7278
1611
5133
6588
398
8653
7599
7845
6194
2525
492
980
9664
2396
8213
2807
862
5042
8506
3330
9391
3992
3558
721
2759
8310
8244
5910
5719
8163
9845
8826
1777
5722
8776
436
3346
9210
4626
8703
1214
7505
8336
8804
7947
9163
5815
1098
3918
3082
1378
5007
5322
9873
3834
8291
5475
2716
9474
1189
6848
5490
1718
7989
360
963
7734
639
2887
6911
4261
5332
993
1047
8462
5028
4511
4196
3611
5347
3376
2343
6911
680
9376
3571
4976
5282
2054
6626
1995
177
6752
9977
6789
1519
1364
5518
8509
8029
6577
1679
5777
9392
7345
2647
5802
5353
1638
693
4322
2531
4431
6288
9347
3320
5503
3056
9903
9618
6135
2401
7379
285
3957
9103
7917
1310
974
929
969
2398
3659
7834
8745
135
4807
1083
4369
0
433
8044
8895
8335
2660
2547
9242
9888
4675
5045
5493
6078
2631
2860
1247
6719
1821
7
1193
4967
6776
4622
1171
4375
8366
5506
2686
8086
3622
9073
7378
6485
9918
5714
4632
3814
9747
6050
7869
3359
1326
9313
7157
3846
1033
4132
5954
1762
5180
1068
1708
6962
8997
1789
4976
5095
1496
8964
1380
113
9035
3534
1324
6018
3349
1988
462
5528
4211
7153
1039
6065
6641
7583
3861
4321
33
3742
6920
8967
5049
4542
6194
7806
1261
5216
9872
9664
4665
9230
4364
8110
9337
9216
9003
9969
8495
6419
1682
5742
5141
8054
5704
396
1640
2156
4694
3118
5976
1945
3299
6345
3462
7008
8778
383
7583
8789
9124
6665
3170
6458
4381
8231
2398
8391
3691
7930
1252
3494
579
1596
8825
7602
3693
6592
7673
8418
1001
8736
62
8920
9155
3071
9887
1666
5840
3576
1365
3059
5273
7821
251
7118
7251
8521
8729
1800
4890
5729
7810
7047
9608
161
8019
2262
9384
573
3765
4088
1792
7531
7644
5596
9960
277
4906
919
8360
5335
7343
8359
8487
2950
8003
2700
740
4256
4235
8168
4907
9532
1486
6082
5903
9690
3257
2369
2723
6103
1575
5310
9040
1023
347
5293
6643
5642
9398
4733
6207
5571
4089
6864
3380
7688
1994
9295
3656
9373
1374
5587
3586
5347
8464
1976
6378
6452
9011
7312
2739
6198
190
3388
2437
4451
4366
7265
671
9457
8686
7935
3660
8747
407
2433
1034
7447
7711
5745
3096
1047
9517
2431
9665
4879
4342
526
7051
309
944
4636
6933
8429
2790
2247
532
5045
4908
5251
7573
2810
6269
1398
8158
9101
3720
4162
5316
2008
1069
6495
544
9073
1176
2349
7719
3746
5516
5195
5146
7384
276
859
882
1476
1001
1471
4771
7178
8068
5842
7776
963
6890
5360
5045
5524
9795
2479
5630
65
2773
9433
520
9933
8917
2786
4334
2181
2791
1556
4536
359
7117
1280
9310
8492
4443
1375
5269
5876
5120
4056
7791
86
2643
5475
1645
5183
1263
3682
7567
8623
1655
3884
6178
5866
8206
9503
8289
1316
6694
8312
7762
3572
7309
5493
3238
2631
4289
5415
8386
950
2399
5885
1174
2090
9665
7324
8159
3024
872
404
1166
8170
2825
4969
5020
7110
4440
4340
5422
4287
3305
3464
8169
1698
9668
3974
9879
5928
7390
7708
8783
8777
4222
3312
7796
7371
3354
6162
2324
3860
2406
1641
4373
2565
3636
4758
6332
4474
8686
1296
2675
5906
5416
1162
6959
6050
4273
8508
6953
7648
6380
3373
5530
6560
9990
8096
5915
9399
8253
1752
2314
9176
8785
9030
8357
9492
7482
7851
328
1905
5465
7273
5384
9960
8289
8362
4521
2423
6369
3711
8780
7001
4949
7513
4452
5183
3111
9590
376
9996
5678
9222
8541
6469
922
7870
8220
3958
3327
9259
2101
333
3168
180
8378
3257
7417
451
7361
4569
7320
5045
2208
4072
9569
700
2473
5157
9801
8496
6549
3151
977
1988
3947
547
2403
5709
244
8797
3784
9789
9941
1757
7292
2014
1488
2891
8824
6070
2530
832
2023
8527
1844
3885
7956
818
162
6845
273
2247
7060
4806
683
5359
7500
2222
5366
5554
1569
3346
8938
5099
2894
2695
1720
4741
3339
1204
1629
890
9815
4647
858
9220
1519
4238
835
1713
1173
5415
6217
3328
9269
3885
8565
6510
1138
1788
9388
37
9624
5407
8665
675
5989
588
3390
7122
7432
8235
7020
7704
3107
7547
6780
4712
3913
1330
4899
7688
6809
8230
332
5386
7227
4106
8103
1431
2686
7200
9024
7182
4031
3595
4699
9299
2812
1661
3473
1302
4724
1707
6212
7057
4472
8454
9407
1239
3182
6848
9019
3219
1686
7548
4599
2901
3697
971
3466
2444
5890
3600
1954
7186
8364
2814
550
7541
1365
7514
6188
4751
4664
4528
943
2454
8248
7282
3421
2257
3004
3778
9168
8908
2318
4316
1103
1001
7143
195
5380
1643
5447
9190
5672
7050
460
2288
7132
7754
4766
3169
4182
2469
8692
7324
428
2392
8502
2753
613
4862
9216
3985
1609
5397
7586
3573
3705
7648
978
3105
9250
8806
2476
3051
9901
5102
4560
2782
3424
767
3696
8946
1538
879
1654
6050
2209
5670
7042
4349
501
6903
5376
1919
521
4020
6043
3418
7895
2030
8236
3602
3538
8829
1226
8314
7034
863
792
6920
8369
560
992
6012
8641
2379
2711
9351
4284
1155
9207
8441
617
6059
3919
9330
7500
6978
7091
24
1479
8319
2692
7131
9422
4793
5511
8236
5041
9187
1490
6721
9197
6931
5639
6904
9254
1305
9807
3895
7263
8082
9450
1902
3079
1194
2398
3246
2392
6978
8353
4363
2466
7766
3400
4162
1600
8220
7157
6149
1230
992
9922
3510
8508
3083
7861
8950
489
8490
1904
9024
6124
5803
2148
1853
7674
2464
6299
7883
5908
9692
5733
5559
7978
7136
9077
714
8571
4667
568
7440
6462
2081
5973
4706
1063
7684
4452
1131
195
1907
7860
6984
9511
4085
3630
9966
2393
2294
9532
6759
3185
8973
5115
1526
7500
8250
8091
2202
9892
7344
835
7907
2875
4430
3135
1341
8687
2578
7399
9585
2631
8306
1310
2612
9836
9447
4190
6206
7070
9069
2388
937
3315
4325
6179
8597
1484
8423
2913
8394
7843
8432
5254
6182
1875
6229
9354
4658
9130
9487
1844
7526
4913
9692
2775
7502
2053
3648
5726
3064
4786
4782
196
9808
5142
3023
3651
6694
2197
9187
2075
3341
6968
3419
6265
1427
535
6292
563
1873
449
1873
4369
6844
6107
2733
7131
6140
1235
9540
8012
8781
1188
1514
2044
2207
5543
1891
4165
6113
6407
9822
9725
3262
5453
1224
197
4046
8165
5133
5789
21
1764
8355
1050
4815
9390
3075
6329
9791
8656
6529
9527
5311
3847
3048
6352
8987
661
4290
2922
8350
6739
4205
8074
6097
1583
9970
5445
6491
363
4202
9539
3342
2451
2749
5592
7568
5519
7502
1739
5982
6551
4618
911
4570
890
4176
5722
2771
9243
2804
4066
8574
3128
1788
5513
2353
2745
4541
9924
3996
3072
1070
5707
6104
5026
3020
74
8322
4195
7102
8400
7712
8506
1460
4667
7449
7843
6404
2810
9628
5943
6855
5452
558
981
1441
4745
4156
5622
5206
1554
6624
9765
4625
6875
3486
5854
9154
2955
4779
7001
4340
6157
8708
8615
1212
2688
4572
3
5512
1472
400
9881
403
5717
3059
4671
8294
6992
1307
2226
5971
1365
8370
8818
6534
5031
3534
5653
4439
723
9313
2926
910
1053
9052
2792
7102
7158
7535
6434
3250
3805
6501
8838
663
3350
8006
9990
2203
7513
9285
9500
4695
4098
3551
9443
3215
1580
9669
4657
6350
4528
6451
7255
7431
5261
2743
9608
95
8074
9783
1118
5425
6424
7943
7793
8131
4898
8540
1503
1001
5673
2600
5910
8161
9122
396
9700
8757
4882
6033
5013
5297
3131
5386
8396
8096
9191
9064
3713
2169
1375
4109
1276
5829
6564
3616
8817
7701
6697
1324
7063
8617
4070
4808
6681
9567
2028
3730
9283
8651
6686
1270
3582
7506
1485
3571
8405
877
9199
5026
9208
6405
1514
6394
4381
2039
3
7398
1017
4166
472
6914
1470
5360
4209
5769
6309
2751
5757
4905
9626
9474
7629
9759
1878
745
4783
8650
6675
3462
9086
7954
1761
9181
8645
8188
8092
113
7528
405
9082
7988
6804
2338
2129
8410
114
9894
6419
533
1064
3977
640
4047
2715
7435
5828
6230
4335
1100
7008
8417
7232
2201
8729
962
6560
1825
6191
8358
5892
4600
2188
5981
515
808
4296
2321
6591
3658
3483
2305
7904
3148
9937
9824
1168
664
1397
7151
7166
3567
1745
5273
2656
3753
9595
7156
5208
3604
1767
7796
7039
8413
2310
3029
8859
8507
7731
9587
2475
3848
3024
7292
3242
6763
7107
7495
8562
2787
5355
3914
4541
1014
2274
6726
7811
7600
1589
1184
4360
7373
581
6232
2260
8520
3021
5762
7476
8725
8403
8929
1926
3457
6770
9602
882
3673
5000
279
5712
5783
345
6400
507
5269
8590
9138
2005
440
9437
980
813
4879
9300
6368
7282
8576
9377
2974
3555
8292
2204
9592
9156
3315
405
5935
8031
6351
7770
7998
6006
3535
6578
3829
2977
9670
9777
7524
1222
2068
2688
1929
4183
5485
9489
2924
5545
1200
8772
8919
8693
7860
3351
6356
4846
8839
1451
29
9092
1135
2852
255
3200
1853
2885
1167
4955
2614
6100
7252
1122
601
2677
2507
1974
9170
8555
1501
5348
6745
9801
7769
9145
9358
9437
7475
3144
6565
6888
3520
4283
8565
3784
2597
2991
4312
5737
2135
6406
1786
4360
8160
6911
2620
9868
6238
5439
2781
7731
5644
1218
3038
7026
5887
8103
6860
28
8545
6073
4444
584
892
6280
4385
120
7725
8434
5800
2733
9905
1138
9104
933
1359
7142
3119
4496
6545
7415
3020
3288
3492
1927
6371
2956
7433
2911
2423
3636
9208
1692
6735
1661
8551
500
8798
7650
6113
7099
1540
9926
3085
1220
7757
9881
1277
1850
417
3206
3215
2511
4159
9240
9570
1229
5927
65
226
7281
1487
2724
5140
9563
5775
7579
9196
1771
6428
1700
2093
7924
5350
4567
4632
5540
7302
192
9699
983
6516
1359
763
5107
6945
3669
5017
7099
9204
1778
6172
9882
7477
4567
3620
4042
748
8313
2828
1272
4229
6828
2959
844
1244
9405
6579
9827
5026
6763
4560
3404
3749
134
5594
6457
9186
9857
6757
5315
7656
5885
3237
8123
2164
2574
5696
8849
1517
3704
2468
5729
6920
1532
7830
9479
8348
7661
8029
1748
5475
9008
496
8745
1824
2202
1717
4792
8706
882
6094
7215
9212
2300
6233
7793
9635
6297
4974
1937
6968
7535
6671
4771
6257
1565
529
848
1794
8635
229
9375
5022
6400
730
3441
6851
3954
8427
5556
2353
6938
4001
3141
9930
3347
2289
8029
5110
139
2316
397
8832
4559
6173
6972
7061
7424
22
2845
9012
8032
521
5202
9080
185
1534
8735
7037
1534
6519
1965
2580
2543
9668
7690
9869
3845
7447
4558
476
5039
7553
9203
8915
1822
4211
7289
1078
2056
3970
951
7746
1041
6898
1416
6632
1191
7234
6776
7821
3941
4142
4287
2195
2862
3475
1709
4224
9826
3862
8916
1387
3708
314
1611
66
8496
3671
6246
4005
6792
3101
2217
2245
9061
9683
844
5371
1808
8753
1922
5345
8883
4686
7686
9164
3308
7121
202
7583
8879
488
9297
3874
6010
7121
9032
8138
1719
8501
1920
8827
9259
43
4816
8404
9327
2847
7554
9384
9472
5790
2538
8275
8008
7089
8594
535
7628
3394
2728
4397
6147
6259
122
1189
9383
6849
2125
1065
7482
5863
2477
9783
7873
7581
3525
9599
6364
6750
4956
5329
5528
3030
9760
6752
255
517
2217
1917
5848
5233
8494
3290
4356
1839
3794
7074
8671
7053
2490
8477
421
7520
1432
4524
1412
7656
6635
4889
7366
6465
9574
9357
9799
5694
8258
479
6833
7149
9084
6250
6696
9278
7144
2388
3319
531
8858
3423
6374
1617
7656
3842
1280
3119
4958
16
571
3412
6407
9947
6837
8389
6075
4066
5125
5605
2838
3534
5030
4797
2035
3189
6798
6503
3960
8646
9780
1490
7863
8554
4995
1141
462
3671
7105
3063
1814
5503
6410
6411
5715
9295
5893
6625
5323
7374
9918
3761
4161
7960
8320
6249
2953
9235
8127
1897
6988
6248
2360
9407
1396
3570
9483
5284
7056
5217
2580
9099
684
7037
4126
4918
6850
5606
3618
1151
6070
1290
4134
1005
6192
9058
7598
8267
1316
4108
3439
605
398
8024
5762
5017
5318
5698
5150
3866
1617
9254
4275
654
2596
4774
5218
1696
8495
2236
3991
6678
8613
7964
4366
3753
2264
7282
7179
7111
9642
8476
5919
3562
7860
7028
2033
8687
1205
5745
2810
6119
9888
5172
1029
9114
9837
5532
4393
465
5193
404
9116
6292
7926
7831
395
7551
7822
3137
7900
595
1344
3816
7112
5805
3800
4578
6306
269
5123
1633
7121
2404
5812
7525
5471
8158
1346
3344
8236
4686
267
7754
4021
559
4975
481
213
9871
7663
9323
8535
2991
3243
632
788
9601
7075
1868
1568
2740
1994
9270
6327
2345
3455
8284
5018
6955
3283
9685
4361
9545
7606
9681
7051
4373
2308
7522
413
2590
2757
1211
840
5527
5071
4449
3401
5448
1642
6255
8415
4448
7690
4832
8649
6869
746
3346
4666
8785
4576
2152
9773
5598
9094
6514
3244
6253
3300
8073
1778
229
9384
5180
6815
2028
6902
9415
2258
9147
2267
6571
4912
8570
1686
5068
6663
6721
326
681
6013
2459
5463
9148
352
6004
8657
7650
4761
27
7893
2476
2659
1850
7624
1775
7439
2009
2238
9321
3147
9380
5663
8635
9374
2524
4860
2082
9110
461
8150
2160
2454
6489
3195
8207
1407
2157
3919
6078
1348
4983
9096
8136
7934
2027
6957
9080
8874
6331
1488
2823
7473
876
9420
6432
4952
9818
2350
6907
6849
6483
7421
2875
5384
285
6446
6475
9667
8100
152
644
8458
9454
1168
1544
6630
941
1197
5366
3172
597
4167
448
5981
4361
27
5563
5391
3445
9318
3548
6114
2320
4702
5717
5123
1691
2225
6480
3397
3167
9428
3169
4272
7233
9995
5489
8855
4517
5257
4406
7286
1214
2623
9716
2803
822
158
1584
2136
9335
7081
5151
6957
9900
2581
3810
3960
2342
9738
2744
7661
6748
7103
3677
4669
9754
5283
2809
8090
5119
1223
2614
1390
8900
9328
7926
2679
1033
4366
1751
9280
842
9963
7946
2386
6883
5083
129
6864
4252
8555
5851
9822
8571
600
5198
2882
2577
8811
6865
2961
2827
7680
2566
7280
249
886
9146
8984
9415
7173
5102
129
554
5820
3797
388
353
90
1929
5707
5011
955
9102
7297
4579
798
961
3765
318
835
4353
8337
9774
5377
169
9759
7027
3267
8763
9379
8063
8634
5144
1591
6831
8367
4248
2535
9099
6013
2735
7443
7070
432
5706
7268
5745
276
7609
5781
7592
3458
236
5934
1089
1260
5112
3048
5120
9244
757
9268
3582
800
5738
6983
8348
6154
103
6534
6659
4712
1023
569
1080
4130
2420
2511
495
4077
7220
8160
5059
719
9325
9729
2075
6704
8678
7599
4234
3768
7277
5811
6764
6658
216
3865
1327
341
3584
1442
708
8840
8865
3566
1104
681
9305
7540
9593
2145
8765
2166
4569
3767
9806
904
8759
9129
3809
235
4433
5036
3583
9418
4760
3818
436
436
477
1710
3774
5751
6458
6244
2617
3164
5616
1120
8732
7775
8879
3184
9783
3784
3962
4858
8670
955
9547
8661
8284
7908
2674
6642
93
7873
3947
5495
960
4169
9904
8367
4711
263
3680
6107
6440
6975
9779
1554
549
111
8576
9759
9538
222
4949
3170
5819
4702
5871
4115
6605
1323
8044
2750
5339
2650
3318
1473
5262
3486
9283
3305
5154
2277
7239
8174
4623
6495
7945
8056
6313
2731
6450
827
418
9502
485
8075
7712
8237
3294
1868
2563
7720
8340
5581
7581
2351
1993
266
2494
4404
6651
3463
2434
8221
4639
5318
5537
4013
3676
686
9568
9970
2399
7655
3101
8873
8580
6181
410
9563
3920
4632
6041
3013
5960
5395
2768
2761
3561
3423
853
2096
3766
7761
550
4184
8756
920
1738
2012
1643
9147
7738
5138
3500
2450
3328
2014
657
8327
3339
3010
3081
8710
2517
1707
634
8312
4247
7740
8664
4030
8286
754
7712
2220
6438
6513
2374
3741
7962
9162
8326
3435
5551
1353
4912
7153
8808
2404
7854
762
407
4585
4811
3472
3773
5763
5457
2736
6814
8758
9335
5830
4694
9297
1785
3194
3166
3635
7785
3713
8766
188
6682
3295
5673
5142
3513
6402
9561
2147
9750
2546
7743
8379
7270
4029
1479
2453
7272
2147
9566
9066
8877
163
1851
9589
951
8905
3111
8736
1825
7500
5785
9795
6933
6034
7084
8492
6958
5865
5258
6579
7372
8895
2312
3456
9256
4634
9204
6139
9954
7905
9432
260
708
1311
9247
1484
464
7201
4860
6499
1879
339
2824
3029
8392
7323
3060
2899
6234
9126
8121
6966
5544
473
441
6467
8362
1435
1597
2155
4573
8728
6326
8688
1751
6037
1966
4486
6791
5989
4979
5791
5051
5459
2006
2095
1721
1353
2355
4399
6680
1338
1630
7905
913
3396
7169
8655
8159
155
7666
6990
3134
4822
8954
2831
7571
8034
5294
5177
4167
2929
1817
4453
3087
6760
8313
8400
968
9005
4633
5144
8139
9088
8322
4297
6216
8308
6538
4965
6849
6522
8318
4941
4184
7273
9339
7078
9438
4681
75
3124
4566
1507
590
3896
9699
9489
849
4289
3384
8601
8863
3718
7198
2799
9688
8358
8790
5574
9900
5564
2907
6285
2396
8440
4084
1439
3953
6744
7047
6098
5201
3817
49
5211
4724
1173
2203
2252
5252
3382
5612
9374
6134
7991
2127
5340
686
3358
146
4958
3760
9774
9983
2303
1819
4728
7168
4253
382
4327
4671
2533
276
5773
1313
1414
6721
3623
6355
1862
5257
3955
5975
1501
8664
3373
7911
8029
8991
6913
4814
7875
6944
3848
334
2986
8801
7025
7324
2562
9129
924
6535
6027
1530
8694
6919
2401
3088
7063
526
2002
5895
7562
9648
3369
7720
6085
7720
588
4181
232
9788
6186
3639
4095
2648
5737
6410
3892
8953
2889
5086
8031
9222
4223
424
9914
8189
5573
3320
8897
6650
1700
9584
3682
1052
848
5060
2492
2588
9361
3280
6094
4086
8690
4192
5682
9394
8182
9545
4508
5032
4633
3567
7249
1641
5224
1188
5916
1297
4533
5906
8158
3236
8048
6485
332
490
751
9184
2225
1367
832
5294
2110
3336
3712
2769
99
6544
7808
4057
678
3154
3821
4293
8930
9958
5904
3445
2248
1042
3565
388
4399
1239
7742
8489
5979
9722
7436
7526
3626
4784
4101
2386
43
370
2638
5912
2573
6596
9514
6758
5711
9419
1189
2463
8399
6299
3841
7902
7604
3808
9074
924
146
3362
4258
1819
4050
980
8000
1594
1114
9788
9516
2175
2314
6791
1821
2609
1179
4173
5919
5095
4960
1420
6466
5899
7710
4903
7978
3178
3862
2234
6837
4230
9211
746
8960
3355
6947
513
9966
8415
5853
6980
439
8508
3420
732
9093
5829
8975
9014
7533
7305
2635
5692
4600
5356
3441
1657
5978
1428
1205
6429
2677
2582
8537
6970
8882
6996
1370
459
7554
7321
9190
9563
491
5
932
2328
2840
6887
7033
4313
574
4975
8289
1901
4640
7430
2448
2391
2578
9058
5803
6678
2469
7180
9174
8232
6940
4943
8010
7853
8394
8428
8414
3003
3586
7595
4167
6736
7843
4115
9697
8945
973
8149
7325
6813
6156
8792
9516
9136
6129
5919
5088
2849
1208
7755
2119
1137
7199
4136
4331
9420
8516
1054
4875
175
8043
1718
9313
3657
4703
5487
6733
8355
4649
3882
7464
2721
11
5549
9718
7669
2188
8013
6118
4784
4177
269
6397
5679
3501
3663
2690
5607
4952
6131
5637
7038
9993
3963
9423
2096
4027
3919
7052
1394
279
5622
6936
5055
7459
2049
6348
3564
3525
2226
7468
3282
9841
7261
7834
9495
7558
2146
446
5016
6292
6410
4812
7688
4525
1294
7016
8479
5349
3704
5277
18
1397
7450
4303
2007
8289
1489
772
286
7858
6009
283
7578
3896
3071
5553
9316
4706
4484
3850
5350
1449
2823
8615
6250
2360
5600
1307
7137
330
3846
4892
6458
2840
1741
3763
1844
2166
1729
6920
401
8033
7147
2196
3324
8219
9392
1472
1216
8892
3488
7602
4134
5045
6134
1658
6913
6142
4067
2905
3757
7537
6621
2098
2811
7317
4655
2213
9769
3354
4545
199
5895
6352
1242
5720
5828
3157
455
7511
8455
1777
2753
5134
615
2705
8416
3242
2171
6893
8312
9052
914
3668
8086
3655
722
3184
9546
3043
415
9322
9458
9781
1529
9427
5543
9908
6091
7208
9131
2606
4902
6524
5272
4085
3941
4853
4440
1860
3419
1439
4044
2626
8529
8475
2791
8033
2957
1423
664
4837
5755
6438
9449
7871
5745
6416
6891
2557
8088
6400
4568
4212
1535
1651
688
6894
6792
5312
9660
6741
9564
8782
6965
437
3571
8166
7297
8434
2858
2019
3835
7703
848
7494
4519
3521
9760
9715
5993
7699
8061
4982
4336
3307
9752
8474
9107
475
2873
7940
2894
5026
5554
1530
7542
2332
8993
5319
1983
4419
6156
7156
4468
4536
9185
2522
6335
7316
4002
6829
3374
5961
5062
6749
2567
1773
2523
5079
5189
7798
9976
2771
9276
6966
2196
7009
5275
1579
2696
2940
2621
6812
869
4191
8094
6814
6366
6317
6181
2080
1282
2983
5884
4455
3753
827
3635
4705
4896
3027
7070
3707
3775
2070
5640
1399
9040
5557
3627
1438
2908
6097
1008
987
4031
8908
341
2594
6080
56
4091
4860
5551
2815
6525
3860
5795
6096
914
778
4903
8367
6996
79
1330
3993
2569
6281
2064
132
5977
7851
6166
6017
4599
9519
43
2308
800
8191
1826
2599
1370
8270
3884
8427
1991
6303
1450
7138
3472
9500
5348
5816
833
2919
6606
9402
5646
2433
1158
7511
4200
4995
9385
3172
9505
2819
552
4460
5235
9515
6042
181
4826
256
1228
6055
1076
5267
1021
8661
2491
9947
728
5134
2023
2034
9758
9758
7233
8738
5323
3406
3865
9901
9987
4581
8336
3297
3338
733
2978
1072
5695
4996
5242
6874
6156
4149
9944
1254
9479
6482
6486
7159
2401
7512
7097
5640
4991
4956
1941
1915
6696
5628
2456
2618
4271
8037
8681
3174
8682
38
892
962
9383
4036
7289
2889
4087
3250
5401
5736
864
2523
8969
7829
5891
1570
5835
6951
5565
8481
7873
9669
292
1881
3198
479
1604
5674
9292
7227
6714
7295
342
8413
8397
8984
1288
1025
4008
6782
5367
1961
3734
7795
6417
3555
4693
1697
162
8680
5994
592
7449
5678
7636
4661
1580
3149
2686
3926
4730
8172
6957
4345
1916
6762
1582
6372
5344
8181
1781
438
8324
2795
1256
9921
332
8369
9424
4318
4978
6609
8706
1301
4672
2141
3894
5451
5043
779
3901
7155
1296
207
3373
8760
6174
4672
9747
4913
2798
6996
9364
6749
3317
7472
1684
4131
6901
8327
8275
8049
7540
7132
6161
6654
4111
4594
9903
5267
5580
3733
1442
5654
1769
6317
7213
4146
9064
9583
5661
7726
4996
4454
9890
8732
763
8810
8634
3726
3337
3339
2599
4232
120
8087
3180
6809
9313
7357
4803
6578
951
9623
7133
5973
6812
7031
8303
1541
9685
4499
6326
9216
9760
9583
1035
4082
4319
9025
6966
2048
9374
5228
5256
9443
7242
9844
1363
7984
4197
9822
80
5655
1360
9902
8372
2196
7707
4027
1555
3989
1884
8566
4690
2999
9040
310
431
3685
6480
3336
4739
4517
986
405
1481
9479
4316
3805
7271
6839
6763
7296
6882
3536
464
1288
6792
6768
836
819
7833
173
6043
4961
1763
1789
2526
5604
1238
9099
